 41 41 40 39 38 37 36 36 37 40 42 44 46 50 50 52 52 51 48 46 46 45 44 43
 41 39 39 38 37 35 34 35 36 39 41 44 47 49 50 50 51 50 50 47 46 45 45 42
 41 39 38 37 36 35 34 33 35 39 42 43 45 46 49 49 50 49 48 46 46 45 45 42
 40 38 38 37 35 33 34 33 35 37 39 42 44 46 47 48 48 46 46 45 45 44 42 40
 40 39 38 35 33 33 35 36 37 38 39 40 44 48 49 49 49 50 49 48 45 43 41 41
 40 38 37 34 33 34 34 34 33 35 36 40 43 46 47 47 48 47 46 45 44 42 40 39
 38 38 36 34 34 33 32 32 33 34 36 39 43 45 46 46 47 46 46 46 45 43 42 40
 37 37 37 37 34 33 33 32 33 34 38 40 41 44 45 47 46 46 44 42 41 40 39 38
 37 36 34 33 32 32 32 31 32 34 37 39 41 44 46 47 46 46 44 44 42 42 40 39
 38 36 35 33 33 33 33 32 33 35 38 40 42 44 46 47 45 45 45 45 42 41 40 39
 36 35 33 33 32 33 32 32 32 32 35 38 42 44 45 46 46 44 42 42 42 41 39 37
 37 34 34 33 33 31 31 31 32 34 36 39 40 42 44 46 45 43 42 42 42 40 39 36
 35 33 32 32 31 30 30 30 31 32 33 37 40 42 43 44 44 44 43 43 42 39 37 35
 34 33 31 31 31 31 30 29 31 32 33 35 38 40 41 42 42 42 41 39 38 38 37 35
 34 33 31 29 29 28 28 27 28 31 34 36 38 41 42 42 41 40 40 40 40 39 37 36
 34 33 33 32 30 29 29 30 30 32 34 38 39 42 43 44 43 41 40 38 37 37 36 36
 35 34 33 32 31 30 29 29 28 29 32 37 39 41 42 42 42 40 39 40 37 37 35 35
 32 30 29 29 28 29 28 28 29 30 33 34 37 39 42 42 42 41 42 40 38 37 36 34
 31 30 30 28 27 26 26 27 28 30 33 35 37 38 39 40 41 41 40 38 38 37 36 35
 34 32 30 28 27 26 26 26 28 30 32 35 37 39 40 40 40 40 39 39 37 37 35 34
 32 31 30 29 27 24 25 25 27 29 32 33 35 38 40 40 39 39 38 37 35 34 34 32
 31 29 28 27 27 26 25 26 27 30 31 33 36 37 39 38 38 37 37 35 34 33 32 30
 30 29 28 27 27 27 27 26 26 27 29 32 35 36 37 38 40 39 38 37 35 35 33 32
 30 30 28 27 25 25 25 25 26 26 29 32 34 37 37 38 38 37 37 36 35 33 33 31
 31 30 28 26 24 23 24 24 25 26 28 32 35 37 38 38 38 37 36 35 33 32 31 29
 27 26 26 26 25 25 24 26 25 27 28 32 35 37 39 38 38 36 36 34 33 31 31 30
 28 26 26 26 25 24 24 24 24 26 27 31 33 36 36 37 36 37 35 34 32 31 30 29
 27 26 26 26 24 23 21 23 23 26 28 30 33 34 37 38 39 38 35 33 32 32 32 31
 29 28 27 26 24 23 22 23 24 26 28 29 31 32 34 35 35 35 34 33 33 32 31 29
 26 25 23 22 23 22 21 20 21 24 28 30 32 32 33 33 35 36 36 34 32 31 30 28
 27 26 26 24 22 20 20 20 21 23 26 28 30 32 34 36 36 34 33 32 32 31 30 28
