 41.2 41.0 40.9 39.8 38.9 37.9 36.7 36.2 37.3 40.6 42.2 44.8 46.4 50.0 50.8 52.4 52.0 51.0 48.4 46.7 46.0 45.7 44.6 43.4
 41.1 39.7 39.0 38.8 37.9 35.9 34.5 35.0 36.9 39.8 41.8 44.4 47.1 49.1 50.8 50.7 51.1 50.3 50.2 47.9 46.9 45.3 45.2 42.9
 41.7 39.8 38.6 37.2 36.8 35.4 34.2 33.7 35.8 39.0 42.0 43.7 45.6 46.9 49.0 49.7 50.0 49.0 48.3 46.8 46.0 45.1 45.2 42.6
 40.1 38.4 38.9 37.7 35.9 33.4 34.0 33.8 35.6 37.0 39.9 42.6 44.4 46.1 47.4 48.0 48.0 46.9 46.2 45.9 45.7 44.9 42.7 40.8
 40.3 39.8 38.2 35.4 33.8 33.8 35.1 36.1 37.6 38.0 39.3 40.7 44.7 48.1 49.1 49.6 49.3 50.2 49.3 48.1 45.2 43.4 41.9 41.1
 40.5 38.9 37.4 34.5 33.5 34.3 34.2 34.1 33.7 35.0 36.6 40.3 43.9 46.5 47.6 47.8 48.2 47.8 46.9 45.4 44.2 42.3 40.5 39.0
 38.9 38.7 36.8 34.6 34.1 33.1 32.9 32.3 33.0 34.5 36.1 39.8 43.3 45.4 46.8 46.9 47.8 46.9 46.8 46.1 45.3 43.9 42.0 40.2
 37.9 37.3 37.0 37.0 34.9 33.3 33.1 32.9 33.3 34.6 38.1 40.5 41.9 44.3 45.8 47.1 46.4 46.2 44.7 42.8 41.3 40.8 39.6 38.9
 37.3 36.0 34.9 33.7 32.9 32.8 32.0 31.8 32.3 34.9 37.8 39.8 41.6 44.2 46.7 47.5 46.7 46.2 44.8 44.8 42.8 42.4 40.2 39.0
 38.5 36.7 35.4 33.1 33.7 33.4 33.4 32.7 33.2 35.1 38.2 40.7 42.8 44.5 46.0 47.0 45.6 45.6 45.1 45.2 42.8 41.2 40.3 39.3
 36.9 35.0 33.8 33.7 32.9 33.0 32.5 32.6 32.1 32.8 35.2 38.7 42.2 44.1 45.5 46.6 46.4 44.8 42.8 42.5 42.0 41.5 39.9 37.9
 37.3 34.9 34.8 33.2 33.6 31.7 31.0 31.1 32.4 34.6 36.1 39.2 40.2 42.2 44.2 46.1 45.4 43.6 42.3 42.5 42.5 40.6 39.0 36.3
 35.2 33.9 32.4 32.7 31.8 30.9 30.4 30.1 31.3 32.0 33.9 37.8 40.6 42.6 43.3 44.5 44.5 44.1 43.0 43.0 42.4 39.8 37.7 35.4
 34.8 33.3 31.5 31.4 31.7 31.4 30.1 29.7 31.3 32.4 33.6 35.7 38.5 40.6 41.8 42.0 42.7 42.4 41.6 39.7 38.6 38.1 37.0 35.6
 34.2 33.0 31.8 29.8 29.9 28.7 28.3 27.5 28.6 31.7 34.0 36.9 38.8 41.7 42.8 42.8 41.8 40.7 40.1 40.1 40.1 39.9 37.8 36.1
 34.0 33.9 33.6 32.0 30.0 29.0 29.1 30.2 30.2 32.6 34.9 38.5 39.7 42.0 43.5 44.1 43.3 41.1 40.4 38.7 37.7 37.5 36.5 36.7
 35.1 34.8 33.3 32.4 31.0 30.5 29.8 29.3 28.4 29.6 32.9 37.2 39.5 41.0 42.6 42.9 42.1 40.6 39.7 40.1 37.9 37.8 35.8 35.1
 32.8 30.9 29.3 29.5 28.6 29.3 28.3 28.7 29.1 30.3 33.1 34.6 37.7 39.4 42.6 42.3 42.6 41.9 42.6 40.7 38.9 37.8 36.4 34.0
 31.8 30.7 30.6 28.8 27.1 26.5 26.2 27.6 28.6 30.8 33.5 35.0 37.9 38.5 39.8 40.8 41.9 41.4 40.4 38.9 38.3 37.0 36.5 35.4
 34.4 32.4 30.7 28.2 27.0 26.1 26.3 26.1 28.3 30.1 32.7 35.3 37.6 39.8 40.0 40.7 40.1 40.6 39.6 39.4 37.6 37.2 35.8 34.6
 32.5 31.4 30.7 29.6 27.2 24.9 25.3 25.3 27.5 29.3 32.1 33.4 35.6 38.7 40.4 40.9 39.7 39.9 38.6 37.2 35.8 34.5 34.1 32.2
 31.1 29.4 28.5 27.7 27.4 26.7 25.8 26.2 27.6 30.1 31.9 33.9 36.6 37.6 39.3 38.5 38.4 37.8 37.0 35.9 34.8 33.6 32.6 30.4
 30.3 29.4 28.8 27.4 27.5 27.5 27.2 26.7 26.9 27.4 29.4 32.5 35.0 36.5 37.4 38.6 40.0 39.5 38.4 37.4 35.9 35.5 33.4 32.6
 30.6 30.1 28.0 27.3 25.7 25.4 25.5 25.2 26.2 26.9 29.8 32.7 34.9 37.1 37.8 38.8 38.0 37.9 37.8 36.2 35.3 33.3 33.2 31.5
 31.3 30.1 28.5 26.4 24.9 23.8 24.0 24.3 25.4 26.2 28.4 32.3 35.2 37.4 38.0 38.5 38.1 37.8 36.4 35.2 33.4 32.7 31.3 29.6
 27.7 26.7 26.0 26.1 25.1 25.5 24.9 26.0 25.9 27.3 28.9 32.4 35.2 37.8 39.0 38.8 38.3 36.5 36.2 34.3 33.5 31.9 31.9 30.2
 28.5 26.7 26.0 26.0 25.0 24.8 24.1 24.9 24.5 26.8 27.5 31.6 33.9 36.4 36.7 37.1 36.7 37.0 35.3 34.4 32.0 31.1 30.9 29.7
 27.9 26.0 26.1 26.0 24.8 23.2 21.9 23.0 23.1 26.1 28.1 30.6 33.2 34.8 37.7 38.5 39.3 38.1 35.9 33.4 32.6 32.6 32.6 31.8
 29.6 28.2 27.1 26.7 24.7 23.0 22.0 23.3 24.7 26.6 28.2 29.6 31.2 32.7 34.3 35.5 35.7 35.2 34.1 33.0 33.1 32.5 31.0 29.0
 26.8 25.4 23.6 22.5 23.2 22.9 21.9 20.5 21.8 24.9 28.8 30.6 32.0 32.6 33.5 33.9 35.0 36.1 36.6 34.1 32.9 31.1 30.5 28.4
 27.4 26.9 26.3 24.0 22.2 20.8 20.6 20.5 21.2 23.3 26.2 28.8 30.5 32.7 34.5 36.1 36.3 34.9 33.7 32.5 32.5 31.6 30.1 28.1
